c cost emi self hours ter tmean spotmean elprice dhprice l
winter_bio_fc.xlsx 3695.0341261309272 104533.333333333 100.0 147 0.8914263910615362 1.731484302320071 -5.498214285714285 0.05150541666666665 0.6706811784574968 7.191780821917871 0.0 nan 3441.004126130927 a
winter_bio.xlsx 4838.702953738392 492588.6241191993 49.222 0 nan 1.731484302320071 -5.498214285714285 0.05150541666666665 2526.072014760341 570.7705600820219 315.6543604159971 nan 4584.672953738393 b
winter_fc.xlsx 4574.483081382171 249724.43497108 66.631 168 1.0 1.731484302320071 -5.498214285714285 0.05150541666666665 1689.081693785422 543.09669111603 265.6543604159971 nan 4320.453081382171 c
winter_import_min_bio_fc.xlsx 5453.680546063613 111135.9220160257 81.263 165 0.9312048851163004 1.731484302320071 -5.498214285714285 0.05150541666666665 0.6706811784574968 1781.930616557137 0.0 nan 5199.650546063614 d
winter_import_min_bio.xlsx 5612.051622527356 365167.5055973224 49.399 0 nan 1.731484302320071 -5.498214285714285 0.05150541666666665 1123.115692519996 2157.834652168838 108.9319390864074 nan 5358.021622527356 e
winter_import_min_fc.xlsx 5551.682118115737 138163.682491042 63.54 168 0.985365972764242 1.731484302320071 -5.498214285714285 0.05150541666666665 241.926223946187 2445.431141111397 48.89598817252855 nan 5297.652118115737 f
summer_bio_fc.xlsx 2042.1148108130299 325622.3146387395 13.408 0 nan 0.4421230043776402 15.31726190476191 0.02936994047619049 1604.713462902037 191.6749134461023 338.9048772129977 nan 1788.08481081303 a
summer_bio.xlsx 2040.231927262669 325622.3146387428 13.408 0 nan 0.4421230043776402 15.31726190476191 0.02936994047619049 1604.71346290206 189.7920298957321 338.9048772129977 nan 1786.201927262669 b
summer_fc.xlsx 2042.114810813019 325622.3146387434 13.408 0 nan 0.4421230043776402 15.31726190476191 0.02936994047619049 1604.713462902062 191.6749134460751 338.9048772129977 nan 1788.084810813019 c
summer_import_min_bio_fc.xlsx 3013.5451281444493 116598.1493327482 70.921 89 0.9171101803905163 0.4421230043776402 15.31726190476191 0.02936994047619049 629.942105247202 47.00734838178878 142.7168755700063 nan 2759.515128144449 d
summer_import_min_bio.xlsx 2679.565100816604 243229.914052262 50.607 0 nan 0.4421230043776402 15.31726190476191 0.02936994047619049 975.8751117867787 25.91879838178873 142.7168755700063 nan 2425.535100816604 e
summer_import_min_fc.xlsx 2644.9794233855923 116622.8282397516 70.921 89 0.9171080479227087 0.4421230043776402 15.31726190476191 0.02936994047619049 629.8847571912712 47.00734838178879 142.7168755700063 nan 2390.949423385592 f
