c cost emi self hours ter tmean spotmean elprice dhprice l
winter_blackout_day_bio_fc.xlsx 3440.968505710727 104533.333333333 100.0 147 0.8920279669920191 1.731484302320071 -5.498214285714285 0.05150541666666665 0.6706811784574968 7.191780821917943 0.0 a
winter_blackout_day_bio.xlsx 3120.892427377641 104533.333333333 100.0 147 0.8920279669920191 1.731484302320071 -5.498214285714285 0.05150541666666665 0.6706811784574968 7.191780821917943 0.0 b
winter_blackout_day_fc.xlsx 4392.658444696772 250274.3017331513 66.628 168 1.0 1.731484302320071 -5.498214285714285 0.05150541666666665 1689.975026689625 614.4087215264277 265.6543604159971 c
winter_blackout_day_import_min_bio_fc.xlsx 5299.153408208567 139162.1245340548 63.593 166 0.9989474042864096 1.731484302320071 -5.498214285714285 0.05150541666666665 244.096821045023 2442.863661053318 48.93193908640745 d
winter_blackout_day_import_min_bio.xlsx 4979.077329875482 139162.1245340548 63.593 166 0.9989474042864096 1.731484302320071 -5.498214285714285 0.05150541666666665 244.096821045023 2442.863661053318 48.93193908640745 e
winter_blackout_day_import_min_fc.xlsx 5299.153408208567 139162.1245340548 63.593 166 0.9989474042864096 1.731484302320071 -5.498214285714285 0.05150541666666665 244.096821045023 2442.863661053318 48.93193908640745 f
winter_storage_empty_blackout_day_bio_fc.xlsx 3443.028388394474 105242.9651253699 99.908 146 0.8980267400233997 1.731484302320071 -5.498214285714285 0.05150541666666665 50.83295315199074 7.191780821917949 44.3519870023093 a
winter_storage_empty_blackout_day_bio.xlsx 3122.952310061389 105242.9651253699 99.908 146 0.8980267400233997 1.731484302320071 -5.498214285714285 0.05150541666666665 50.83295315199074 7.191780821917949 44.3519870023093 b
winter_storage_empty_blackout_day_fc.xlsx 2754.445870425481 105242.9651253699 99.908 146 0.8980267400233997 1.731484302320071 -5.498214285714285 0.05150541666666665 50.83295315199074 7.191780821917949 44.3519870023093 c
winter_storage_empty_blackout_day_import_min_bio_fc.xlsx 2754.445870425481 105242.9651253699 99.908 146 0.8980267400233997 1.731484302320071 -5.498214285714285 0.05150541666666665 50.83295315199074 7.191780821917949 44.3519870023093 d
winter_storage_empty_blackout_day_import_min_bio.xlsx 2754.445870425481 105242.9651253699 99.908 146 0.8980267400233997 1.731484302320071 -5.498214285714285 0.05150541666666665 50.83295315199074 7.191780821917949 44.3519870023093 e
winter_storage_empty_blackout_day_import_min_fc.xlsx 2754.445870425481 105242.9651253699 99.908 146 0.8980267400233997 1.731484302320071 -5.498214285714285 0.05150541666666665 50.83295315199074 7.191780821917949 44.3519870023093 f
summer_blackout_day_bio_fc.xlsx 1910.150983066147 134737.9896976064 65.89 79 0.8872150074377521 0.4421230043776402 15.31726190476191 0.02936994047619049 849.6105232763098 7.191780821917821 306.463799101624 a
summer_blackout_day_bio.xlsx 1968.950215638356 243559.551524069 48.707 0 nan 0.4421230043776402 15.31726190476191 0.02936994047619049 1042.571902377547 7.191780821917814 200.5523880610186 b
summer_blackout_day_fc.xlsx 1910.212108060979 134222.0867630032 66.069 79 0.890124802348651 0.4421230043776402 15.31726190476191 0.02936994047619049 826.9639347581689 7.191780821918186 286.7791405709343 c
summer_blackout_day_import_min_bio_fc.xlsx 2392.060209759227 116840.0688564209 70.919 89 0.9172494148485889 0.4421230043776402 15.31726190476191 0.02936994047619049 630.8684561264888 47.00734838178878 142.7168755700063 d
summer_blackout_day_import_min_bio.xlsx 2071.984131426141 116840.0688564209 70.919 89 0.9172494148485889 0.4421230043776402 15.31726190476191 0.02936994047619049 630.8684561264888 47.00734838178878 142.7168755700063 e
summer_blackout_day_import_min_fc.xlsx 2392.060209759227 116840.0688564209 70.919 89 0.9172494148485889 0.4421230043776402 15.31726190476191 0.02936994047619049 630.8684561264888 47.00734838178878 142.7168755700063 f
summer_storage_empty_blackout_day_bio_fc.xlsx 1910.478051287702 133440.8352279143 66.253 79 0.8935461158733091 0.4421230043776402 15.31726190476191 0.02936994047619049 799.9080621650345 7.191780821918237 263.0332093228172 a
summer_storage_empty_blackout_day_bio.xlsx 1590.401972954616 133440.8352279143 66.253 79 0.8935461158733091 0.4421230043776402 15.31726190476191 0.02936994047619049 799.9080621650345 7.191780821918237 263.0332093228172 b
summer_storage_empty_blackout_day_fc.xlsx 1910.478051287702 133427.787748049 66.253 79 0.893546115873309 0.4421230043776402 15.31726190476191 0.02936994047619049 799.9080621650344 7.191780821918233 263.0332093228171 c
summer_storage_empty_blackout_day_import_min_bio_fc.xlsx 2391.591511674697 116516.9704169407 70.903 89 0.9170859446108734 0.4421230043776402 15.31726190476191 0.02936994047619049 630.5467161344504 47.00734838178879 142.7168755700063 d
summer_storage_empty_blackout_day_import_min_bio.xlsx 2071.515433341611 116516.9704169407 70.903 89 0.9170859446108734 0.4421230043776402 15.31726190476191 0.02936994047619049 630.5467161344504 47.00734838178879 142.7168755700063 e
summer_storage_empty_blackout_day_import_min_fc.xlsx 2391.591511674697 116516.9704169407 70.903 89 0.9170859446108734 0.4421230043776402 15.31726190476191 0.02936994047619049 630.5467161344504 47.00734838178879 142.7168755700063 f
winter_blackout_night_bio_fc.xlsx 3441.001234765706 104533.333333333 100.0 147 0.891976698704473 1.731484302320071 -5.498214285714285 0.05150541666666665 0.6706811784574968 7.191780821917808 0.0 a
winter_blackout_night_bio.xlsx 4586.105440397558 485052.4635577622 49.216 0 nan 1.731484302320071 -5.498214285714285 0.05150541666666665 2527.526639379397 570.7705600820219 315.6757370174797 b
winter_blackout_night_fc.xlsx 4314.371477711064 242488.124978086 66.637 168 1.0 1.731484302320071 -5.498214285714285 0.05150541666666665 1689.911520703899 536.2073984863367 265.6757370174797 c
winter_blackout_night_import_min_bio_fc.xlsx 5303.167889305047 139595.0783147218 63.391 167 0.9864759486490577 1.731484302320071 -5.498214285714285 0.05150541666666665 244.0674051866779 2452.668941111398 48.93193908640745 d
winter_blackout_night_import_min_bio.xlsx 6577.244606078369 482188.1387509211 0.689 0 nan 1.731484302320071 -5.498214285714285 0.05150541666666665 1840.164410793483 4221.65465216884 198.9879208498963 e
winter_blackout_night_import_min_fc.xlsx 5303.167889305047 139595.0783147218 63.391 167 0.9864759486490577 1.731484302320071 -5.498214285714285 0.05150541666666665 244.0674051866779 2452.668941111398 48.93193908640745 f
winter_storage_empty_blackout_night_bio_fc.xlsx 3442.932126564359 105236.0812978788 99.908 147 0.8920277899580275 1.731484302320071 -5.498214285714285 0.05150541666666665 48.86973116704011 7.191780821917997 42.4660068677434 a
winter_storage_empty_blackout_night_bio.xlsx 4586.28834250282 485086.821452499 49.211 0 nan 1.731484302320071 -5.498214285714285 0.05150541666666665 2527.70954148466 570.7705600820219 315.6757370174797 b
winter_storage_empty_blackout_night_fc.xlsx 4334.990555264088 242522.4828728228 66.632 168 1.0 1.731484302320071 -5.498214285714285 0.05150541666666665 1690.094422809163 556.6435739340975 265.6757370174797 c
winter_storage_empty_blackout_night_import_min_bio_fc.xlsx 5300.067804764514 138637.3413222118 63.482 168 0.9845586409771401 1.731484302320071 -5.498214285714285 0.05150541666666665 279.2504971079429 2446.658235373221 82.4660068677434 d
winter_storage_empty_blackout_night_import_min_bio.xlsx 6577.724508183631 482822.496645658 0.685 0 nan 1.731484302320071 -5.498214285714285 0.05150541666666665 1871.385690751858 4221.65465216884 228.6720555493296 e
winter_storage_empty_blackout_night_import_min_fc.xlsx 5300.067804764514 138637.3413222118 63.482 168 0.9845586409771401 1.731484302320071 -5.498214285714285 0.05150541666666665 279.2504971079429 2446.658235373221 82.4660068677434 f
summer_blackout_night_bio_fc.xlsx 1789.370379200894 323323.5163462102 13.416 0 nan 0.4421230043776402 15.31726190476191 0.02936994047619049 1590.978804522863 207.2054375412635 339.397624633011 a
summer_blackout_night_bio.xlsx 1790.378854097483 323323.5163462139 13.416 0 nan 0.4421230043776402 15.31726190476191 0.02936994047619049 1590.978804522883 208.2139124378421 339.3976246330067 b
summer_blackout_night_fc.xlsx 1790.378854097489 323323.5163462138 13.416 0 nan 0.4421230043776402 15.31726190476191 0.02936994047619049 1590.978804522884 208.2139124378423 339.3976246330065 c
summer_blackout_night_import_min_bio_fc.xlsx 2391.747888995397 116743.6318723176 70.921 89 0.9171265408251188 0.4421230043776402 15.31726190476191 0.02936994047619049 630.6665978686063 47.00734838178879 142.7168755700063 d
summer_blackout_night_import_min_bio.xlsx 2250.230588994017 288742.0061140159 13.734 0 nan 0.4421230043776402 15.31726190476191 0.02936994047619049 1245.148452506229 512.1549208292506 217.1657706408758 e
summer_blackout_night_import_min_fc.xlsx 2391.747888995397 116743.6318723176 70.921 89 0.9171265408251188 0.4421230043776402 15.31726190476191 0.02936994047619049 630.6665978686063 47.00734838178879 142.7168755700063 f
summer_storage_empty_blackout_night_bio_fc.xlsx 1790.516849360642 323355.7268725297 13.408 0 nan 0.4421230043776402 15.31726190476191 0.02936994047619049 1591.116799786041 208.2139124378423 339.3976246330066 a
summer_storage_empty_blackout_night_bio.xlsx 1790.516849360641 323355.7268725295 13.408 0 nan 0.4421230043776402 15.31726190476191 0.02936994047619049 1591.116799786041 208.2139124378423 339.3976246330065 b
summer_storage_empty_blackout_night_fc.xlsx 1790.516849360645 323355.7268725295 13.408 0 nan 0.4421230043776402 15.31726190476191 0.02936994047619049 1591.11679978604 208.2139124378422 339.3976246330065 c
summer_storage_empty_blackout_night_import_min_bio_fc.xlsx 2391.618785645608 116803.9364757824 70.911 89 0.9170706758696074 0.4421230043776402 15.31726190476191 0.02936994047619049 630.5877165495307 47.00734838178879 142.7168755700063 d
summer_storage_empty_blackout_night_import_min_bio.xlsx 2249.399107150042 288614.0767575464 13.725 0 nan 0.4421230043776402 15.31726190476191 0.02936994047619049 1240.303060522215 512.1549208292506 213.2899050294625 e
summer_storage_empty_blackout_night_import_min_fc.xlsx 2391.618785645608 116803.9364757824 70.911 89 0.9170706758696074 0.4421230043776402 15.31726190476191 0.02936994047619049 630.5877165495307 47.00734838178879 142.7168755700063 f
